# 3ds Max Wavefront OBJ Exporter v0.97b - (c)2007 guruware
# File Created: 20.07.2011 20:07:24

mtllib note.mtl

#
# object Plane
#

v  -27.8553 0.6711 12.2235
v  -16.5890 2.4315 -28.2784
v  36.9277 1.7484 -13.4216
v  25.6615 -0.0120 27.0804
v  -16.5887 2.8623 -28.2596
v  -27.8550 1.1019 12.2423
v  36.9280 2.1792 -13.4028
v  25.6618 0.4187 27.0992
v  -24.9762 3.3823 1.1922
v  24.4257 1.3853 26.5042
v  43.6429 2.5754 -10.9086
v  -5.7590 4.5724 -36.2206
v  -24.9845 2.9516 1.1743
v  24.4175 0.9546 26.4863
v  43.6347 2.1447 -10.9266
v  -5.7672 4.1417 -36.2385
# 16 vertices

vn -0.0006 -0.9990 -0.0436
vn -0.9635 0.0123 -0.2675
vn 0.2678 0.0418 -0.9626
vn 0.9635 -0.0123 0.2675
vn -0.2678 -0.0418 0.9626
vn 0.0006 0.9990 0.0436
vn 0.0191 0.9990 0.0416
vn -0.4567 -0.0283 0.8892
vn 0.8894 -0.0360 0.4557
vn 0.4567 0.0283 -0.8892
vn -0.8894 0.0360 -0.4557
vn -0.0191 -0.9990 -0.0416
# 12 vertex normals

vt -0.5048 0.9878 0.0000
vt -0.9918 0.9860 0.0000
vt -0.9918 0.3147 0.0000
vt -0.5049 0.3165 0.0000
vt 0.0007 0.6365 0.0000
vt 0.0002 0.6333 0.0000
vt 0.3561 0.6287 0.0000
vt 0.3566 0.6319 0.0000
vt 0.4892 0.5996 0.0000
vt 0.4889 0.6034 0.0000
vt 0.0224 0.5674 0.0000
vt 0.0226 0.5637 0.0000
vt 0.0002 0.5979 0.0000
vt 0.0007 0.5946 0.0000
vt 0.3566 0.5999 0.0000
vt 0.3561 0.6031 0.0000
vt 0.0225 0.6503 0.0000
vt 0.0224 0.6466 0.0000
vt 0.4900 0.6290 0.0000
vt 0.4901 0.6327 0.0000
vt -0.4948 1.2861 0.0000
vt -0.5045 0.6974 0.0000
vt -0.0117 0.6963 0.0000
vt -0.0020 1.2869 0.0000
vt -0.4934 0.9863 0.0000
vt -0.5031 0.3184 0.0000
vt -0.0068 0.3208 0.0000
vt -0.0064 0.9888 0.0000
vt 0.4572 0.4770 0.0000
vt 0.4571 0.4807 0.0000
vt 0.0248 0.4758 0.0000
vt 0.0249 0.4721 0.0000
vt 0.0224 0.6987 0.0000
vt 0.0231 0.6955 0.0000
vt 0.3586 0.6845 0.0000
vt 0.3578 0.6876 0.0000
vt 0.4323 0.5568 0.0000
vt 0.4323 0.5605 0.0000
vt 0.0002 0.5485 0.0000
vt 0.0002 0.5447 0.0000
vt 0.3358 0.6706 0.0000
vt 0.3367 0.6737 0.0000
vt 0.0011 0.6751 0.0000
vt 0.0002 0.6720 0.0000
vt 0.4813 0.2952 0.0000
vt 0.4821 0.8269 0.0000
vt 0.0133 0.8285 0.0000
vt 0.0150 0.2968 0.0000
# 48 texture coords

g Plane
usemtl Material__41
s off
f 1/1/1 2/2/1 3/3/1 4/4/1 
f 5/5/2 2/6/2 1/7/2 6/8/2 
f 2/9/3 5/10/3 7/11/3 3/12/3 
f 8/13/4 4/14/4 3/15/4 7/16/4 
f 6/17/5 1/18/5 4/19/5 8/20/5 
f 6/21/6 8/22/6 7/23/6 5/24/6 
f 9/25/7 10/26/7 11/27/7 12/28/7 
f 9/29/8 13/30/8 14/31/8 10/32/8 
f 10/33/9 14/34/9 15/35/9 11/36/9 
f 11/37/10 15/38/10 16/39/10 12/40/10 
f 12/41/11 16/42/11 13/43/11 9/44/11 
f 13/45/12 16/46/12 15/47/12 14/48/12 
# 12 polygons

